0	0	20	0.0	30.2	49.5	67.2	39.3	57.0	0	0
0	5	20	5.0	30.2	48.8	66.7	38.6	56.5	0	0
0	10	20	10.0	30.2	48.2	65.4	38.0	55.2	0	0
0	15	20	15.0	30.2	46.2	63.6	36.0	53.4	0	0
0	20	20	20.0	30.2	42.9	61.7	32.7	51.5	0	0
0	25	20	25.0	30.2	39.1	57.0	28.9	46.8	0	0
0	30	20	30.0	30.2	31.7	49.9	21.5	39.7	0	0
10	0	20	0.0	30.2	48.9	66.8	38.7	56.6	0	0
10	5	20	5.1	31.1	50.5	68.1	39.4	57.0	0	0
10	10	20	10.2	32.0	50.8	68.5	38.8	56.5	0	0
10	15	20	15.2	32.8	50.8	68.2	38.0	55.4	0	0
10	20	20	20.3	33.7	50.0	66.6	36.3	52.9	0	0
10	25	20	25.4	34.6	47.3	65.4	32.7	50.8	0	0
10	30	20	30.5	35.5	43.0	61.8	27.5	46.3	0	0
20	0	20	0.0	30.2	47.6	65.8	37.4	55.6	0	0
20	5	20	5.3	32.0	50.8	68.8	38.8	56.8	0	0
20	10	20	10.6	33.8	53.1	70.6	39.3	56.8	0	0
20	15	20	16.0	35.7	53.8	71.4	38.1	55.7	0	0
20	20	20	21.3	37.5	55.5	72.1	38.0	54.6	0	0
20	25	20	26.6	39.3	53.8	71.8	34.5	52.5	0	0
20	30	20	31.9	41.1	51.2	70.6	30.1	49.5	0	0
30	0	20	0.0	30.2	45.4	63.2	35.2	53.0	0	0
30	5	20	5.8	33.1	50.4	67.7	37.3	54.6	0	0
30	10	20	11.5	36.0	55.0	71.9	39.0	55.9	0	0
30	15	20	17.3	38.9	56.4	74.0	37.5	55.1	0	0
30	20	20	23.1	41.7	59.6	76.8	37.9	55.1	0	0
30	25	20	28.9	44.6	60.9	78.1	36.3	53.5	0	0
30	30	20	34.6	47.5	60.9	78.8	33.4	51.3	0	0
40	0	20	0.0	30.2	41.8	59.1	31.6	48.9	0	0
40	5	20	6.5	34.4	47.6	64.6	33.2	50.2	0	0
40	10	20	13.1	38.6	54.3	71.4	35.7	52.8	0	0
40	15	20	19.6	42.8	59.1	76.7	36.3	53.9	0	0
40	20	20	26.1	47.0	63.6	80.5	36.6	53.5	0	0
40	25	20	32.6	51.2	68.4	81.5	37.2	50.3	0	2
40	30	20	39.2	55.4	70.0	81.5	34.6	46.1	0	2
50	0	20	0.0	30.2	36.6	52.8	26.4	42.6	0	0
50	5	20	7.8	36.2	44.7	62.5	28.5	46.3	0	0
50	10	20	15.6	42.1	54.0	70.8	31.9	48.7	0	0
50	15	20	23.3	48.1	62.7	78.6	34.6	50.5	0	0
50	20	20	31.1	54.0	69.4	81.5	35.4	47.5	0	2
50	25	20	38.9	60.0	75.5	81.5	35.5	41.5	0	2
50	30	20	46.7	66.0	81.0	81.5	35.0	35.5	0	2
60	0	20	0.0	30.2	32.2	43.4	22.0	33.2	1	0
60	5	20	10.0	38.9	40.9	57.8	22.0	38.9	0	0
60	10	20	20.0	47.5	53.5	70.3	26.0	42.8	0	0
60	15	20	30.0	56.2	65.3	81.5	29.1	45.3	0	2
60	20	20	40.0	64.8	76.8	81.5	32.0	36.7	0	2
60	25	20	50.0	73.5	81.5	81.5	28.0	28.0	2	0
60	30	20	60.0	82.2	81.5	81.5	19.3	19.3	2	0
70	0	20	0.0	30.2	32.9	0.0	22.7	-10.2	5	0
70	5	20	14.6	43.9	46.4	52.2	22.5	28.3	1	0
70	10	20	29.2	57.7	60.4	72.6	22.7	34.9	1	0
70	15	20	43.9	71.4	73.7	81.5	22.3	30.1	1	2
70	20	20	58.5	85.1	0.0	0.0	-65.1	-65.1	3	0
70	25	20	73.1	98.9	0.0	0.0	-78.9	-78.9	3	0
70	30	20	87.7	112.6	0.0	0.0	-92.6	-92.6	3	0
80	0	20	0.0	30.2	33.3	0.0	23.1	-10.2	5	0
80	5	20	28.8	58.6	60.9	0.0	22.3	-38.6	5	0
80	10	20	57.6	86.9	0.0	0.0	-66.9	-66.9	3	0
80	15	20	86.4	115.3	0.0	0.0	-95.3	-95.3	3	0
80	20	20	115.2	143.6	0.0	0.0	-123.6	-123.6	3	0
80	25	20	144.0	172.0	0.0	0.0	-152.0	-152.0	3	0
80	30	20	172.8	200.3	0.0	0.0	-180.3	-180.3	3	0
-10	5	20	5.1	29.3	46.3	64.2	37.0	54.9	0	0
-10	10	20	10.2	28.4	44.0	61.4	35.6	53.0	0	0
-10	15	20	15.2	27.6	40.9	58.1	33.3	50.5	0	0
-10	20	20	20.3	26.7	37.3	53.5	30.6	46.8	0	0
-10	25	20	25.4	25.8	30.0	47.3	24.2	41.5	0	0
-10	30	20	30.5	24.9	15.1	31.8	10.2	26.9	1	0
-20	5	20	5.3	28.4	43.1	60.6	34.7	52.2	0	0
-20	10	20	10.6	26.6	39.0	55.9	32.4	49.3	0	0
-20	15	20	16.0	24.7	33.6	50.0	28.9	45.3	0	0
-20	20	20	21.3	22.9	28.1	43.1	25.2	40.2	0	0
-20	25	20	26.6	21.1	18.2	32.6	17.1	31.5	0	0
-20	30	20	31.9	19.3	11.5	0.0	12.2	0.7	4	0
-30	5	20	5.8	27.3	37.9	55.1	30.6	47.8	0	0
-30	10	20	11.5	24.4	31.4	48.5	27.0	44.1	0	0
-30	15	20	17.3	21.5	24.5	40.1	23.0	38.6	0	0
-30	20	20	23.1	18.7	16.7	29.3	18.0	30.6	0	0
-30	25	20	28.9	15.8	10.7	11.8	14.9	16.0	1	0
-30	30	20	34.6	12.9	7.6	0.0	14.7	7.1	4	0
-40	5	20	6.5	26.0	30.3	46.9	24.3	40.9	0	0
-40	10	20	13.1	21.8	22.7	37.4	20.9	35.6	0	0
-40	15	20	19.6	17.6	14.4	25.1	16.8	27.5	1	0
-40	20	20	26.1	13.4	10.2	10.6	16.8	17.2	1	0
-40	25	20	32.6	9.2	6.0	0.0	16.8	10.8	4	0
-40	30	20	39.2	5.0	1.8	4.5	16.8	19.5	1	0
-50	5	20	7.8	24.2	22.7	36.7	18.5	32.5	1	0
-50	10	20	15.6	18.3	16.6	23.0	18.3	24.7	1	0
-50	15	20	23.3	12.3	10.9	0.0	18.6	7.7	4	0
-50	20	20	31.1	6.4	4.7	0.0	18.3	13.6	4	0
-50	25	20	38.9	0.4	-1.3	0.0	18.3	19.6	4	0
-50	30	20	46.7	-5.6	0.0	0.0	25.6	25.6	3	0
-60	5	20	10.0	21.5	21.1	22.0	19.6	20.5	1	0
-60	10	20	20.0	12.9	12.5	0.0	19.6	7.1	4	0
-60	15	20	30.0	4.2	3.6	0.0	19.4	15.8	4	0
-60	20	20	40.0	-4.4	-1.3	0.0	23.1	24.4	4	0
-60	25	20	50.0	-13.1	-1.3	0.0	31.8	33.1	3	0
-60	30	20	60.0	-21.8	-1.3	0.0	40.5	41.8	3	0
-70	5	20	14.6	16.5	16.9	0.0	20.4	3.5	5	0
-70	10	20	29.2	2.7	2.8	0.0	20.1	17.3	5	0
-70	15	20	43.9	-11.0	-1.3	0.0	29.7	31.0	4	0
-70	20	20	58.5	-24.7	-1.3	0.0	43.4	44.7	4	0
-70	25	20	73.1	-38.5	-1.3	0.0	57.2	58.5	4	0
-70	30	20	87.7	-52.2	0.0	0.0	72.2	72.2	3	0
-80	5	20	28.8	1.8	1.8	0.0	20.0	18.2	4	0
-80	10	20	57.6	-26.5	0.0	0.0	46.5	46.5	3	0
-80	15	20	86.4	-54.9	0.0	0.0	74.9	74.9	3	0
-80	20	20	115.2	-83.2	0.0	0.0	103.2	103.2	3	0
-80	25	20	144.0	-111.6	0.0	0.0	131.6	131.6	3	0
-80	30	20	172.8	-139.9	0.0	0.0	159.9	159.9	3	0
